5.000000000000000104e-03 8.486025950143943138e-05
1.499999999999999944e-02 9.731392643318131734e-05
2.500000000000000139e-02 1.132651111781999951e-04
3.500000000000000333e-02 1.376532337695820661e-04
4.499999999999999833e-02 1.726394463675711723e-04
5.500000000000000028e-02 2.152643165091353385e-04
6.500000000000000222e-02 2.735026684170947429e-04
7.500000000000001110e-02 3.542551895753212501e-04
8.499999999999999223e-02 4.690688331910420955e-04
9.500000000000000111e-02 6.559181415318256648e-04
1.050000000000000100e-01 9.814829822433965290e-04
1.149999999999999911e-01 1.535662032940605676e-03
1.250000000000000000e-01 2.468835603708083911e-03
1.350000000000000089e-01 3.928266378134261452e-03
1.450000000000000178e-01 5.771858916978010387e-03
1.549999999999999989e-01 7.794291115043780124e-03
1.650000000000000078e-01 1.021600426400946608e-02
1.749999999999999889e-01 1.349138850631103476e-02
1.849999999999999978e-01 1.820568730608469049e-02
1.950000000000000067e-01 2.459587016251051084e-02
2.050000000000000155e-01 3.201079237223514867e-02
2.149999999999999967e-01 3.832578725414885479e-02
2.250000000000000056e-01 4.288975773392602470e-02
2.349999999999999867e-01 4.539659793161002210e-02
2.449999999999999956e-01 4.623086528905628878e-02
2.550000000000000044e-01 4.596533690243299886e-02
2.650000000000000133e-01 4.555448694409092170e-02
2.750000000000000222e-01 4.536178038438131582e-02
2.850000000000000311e-01 4.542593238722395649e-02
2.949999999999999845e-01 4.561811759422744472e-02
3.049999999999999933e-01 4.541074515986356919e-02
3.150000000000000022e-01 4.510379851171685689e-02
3.250000000000000111e-01 4.424745447169022711e-02
3.350000000000000200e-01 4.251099794587977904e-02
3.450000000000000289e-01 4.008217416165250901e-02
3.549999999999999822e-01 3.698650455307365276e-02
3.649999999999999911e-01 3.335314306838703391e-02
3.750000000000000000e-01 2.928275292633884461e-02
3.850000000000000089e-01 2.521606652930376627e-02
3.950000000000000178e-01 2.138080501059819172e-02
4.050000000000000266e-01 1.778871429442384008e-02
4.150000000000000355e-01 1.516570220990719371e-02
4.249999999999999889e-01 1.307733103698394475e-02
4.349999999999999978e-01 1.117173462762070281e-02
4.450000000000000067e-01 9.408560741237831371e-03
4.550000000000000155e-01 7.761424450775242928e-03
4.650000000000000244e-01 6.444745561948321197e-03
4.749999999999999778e-01 5.421064401299939203e-03
4.849999999999999867e-01 4.553869668546654988e-03
4.949999999999999956e-01 3.803930836782815419e-03
5.050000000000000044e-01 3.157020273486532864e-03
5.150000000000000133e-01 2.621676909529173632e-03
5.250000000000000222e-01 2.187208356849777973e-03
5.350000000000000311e-01 1.824612419694213172e-03
5.450000000000000400e-01 1.482874413701860440e-03
5.550000000000000488e-01 1.165111424110456097e-03
5.650000000000000577e-01 9.184185854323659434e-04
5.749999999999999556e-01 7.200170438738978836e-04
5.849999999999999645e-01 5.701059407306947359e-04
5.949999999999999734e-01 4.509422993516899411e-04
6.049999999999999822e-01 3.636145223447300834e-04
6.149999999999999911e-01 2.874493586140920405e-04
6.250000000000000000e-01 2.303920068116692291e-04
6.350000000000000089e-01 1.885288211994807389e-04
6.450000000000000178e-01 1.517118901342981506e-04
6.550000000000000266e-01 1.243994928793171390e-04
6.650000000000000355e-01 1.041679500923797775e-04
6.750000000000000444e-01 9.005798364112995531e-05
6.850000000000000533e-01 7.711816009899066728e-05
6.950000000000000622e-01 6.826037874336766910e-05
7.050000000000000711e-01 5.993993350983361899e-05
7.149999999999999689e-01 5.114484478641838762e-05
7.249999999999999778e-01 4.308156859487570115e-05
7.349999999999999867e-01 3.660289897371190432e-05
7.449999999999999956e-01 3.221420013774256054e-05
7.550000000000000044e-01 3.116597764487219328e-05
7.650000000000000133e-01 3.123287922161513175e-05
7.750000000000000222e-01 2.814439495417501687e-05
7.850000000000000311e-01 2.382962727999089476e-05
7.950000000000000400e-01 1.933329387655661019e-05
8.050000000000000488e-01 1.493469433732558213e-05
8.150000000000000577e-01 1.268268590096689639e-05
8.250000000000000666e-01 1.178757275752286982e-05
8.349999999999999645e-01 1.099510708537985717e-05
8.449999999999999734e-01 1.163385616008354869e-05
8.549999999999999822e-01 1.111149386474969956e-05
8.649999999999999911e-01 9.659649392839857984e-06
8.750000000000000000e-01 9.070472935949559076e-06
8.850000000000000089e-01 8.869498360734774333e-06
8.950000000000000178e-01 9.863036486620494679e-06
9.050000000000000266e-01 1.209178146611490881e-05
9.150000000000000355e-01 1.459579522281599417e-05
9.250000000000000444e-01 1.691731504739291895e-05
9.350000000000000533e-01 1.857367406535198368e-05
9.450000000000000622e-01 1.801093713889970701e-05
9.550000000000000711e-01 1.644462030770145523e-05
9.649999999999999689e-01 1.371032844515218175e-05
9.749999999999999778e-01 1.000045993494665751e-05
9.849999999999999867e-01 7.511231604437959287e-06
9.949999999999999956e-01 5.822916445139869723e-06
1.004999999999999893e+00 4.621022504539589415e-06
1.015000000000000124e+00 3.834825078552801469e-06
1.024999999999999911e+00 3.788571401068702362e-06
1.035000000000000142e+00 3.429968381019458628e-06
1.044999999999999929e+00 3.217776526078868193e-06
1.055000000000000160e+00 3.531527550784036750e-06
1.064999999999999947e+00 3.558172340617657394e-06
1.075000000000000178e+00 3.712159262181935516e-06
1.084999999999999964e+00 3.642936794727566731e-06
1.095000000000000195e+00 3.368784718314167997e-06
1.104999999999999982e+00 3.302636578789656060e-06
1.115000000000000213e+00 3.578009790185257992e-06
1.125000000000000000e+00 3.418739531605870298e-06
1.135000000000000231e+00 3.432052266265474094e-06
1.145000000000000018e+00 3.206962861090287168e-06
1.155000000000000027e+00 2.582317117727209948e-06
1.165000000000000036e+00 2.234489102658631662e-06
1.174999999999999822e+00 2.308072670531430315e-06
1.185000000000000053e+00 2.260352727514412565e-06
1.194999999999999840e+00 1.999752961920487900e-06
1.205000000000000071e+00 2.048764699272500381e-06
1.214999999999999858e+00 2.410313668987151314e-06
1.225000000000000089e+00 2.291436514711316554e-06
1.234999999999999876e+00 1.764609155853976581e-06
1.245000000000000107e+00 1.233043937869124119e-06
1.254999999999999893e+00 1.027175415219793146e-06
1.265000000000000124e+00 9.987910905934608716e-07
1.274999999999999911e+00 9.165537832479073761e-07
1.285000000000000142e+00 7.062665496171864400e-07
1.294999999999999929e+00 7.855902249004501809e-07
1.305000000000000160e+00 8.938038616737269883e-07
1.314999999999999947e+00 8.878640490320752661e-07
1.325000000000000178e+00 7.827553578027919879e-07
1.334999999999999964e+00 7.789380721829057599e-07
1.345000000000000195e+00 8.841424426169379746e-07
1.354999999999999982e+00 7.949400979549379346e-07
1.365000000000000213e+00 9.024827750785957900e-07
1.375000000000000000e+00 9.803913997562773892e-07
1.385000000000000231e+00 9.333844814326523193e-07
1.395000000000000018e+00 7.659452957967715263e-07
1.405000000000000027e+00 8.483640073199846800e-07
1.415000000000000036e+00 9.048125690990709475e-07
1.424999999999999822e+00 6.389362877173785208e-07
1.435000000000000053e+00 5.845921248218397499e-07
1.444999999999999840e+00 7.002512663774468019e-07
1.455000000000000071e+00 6.558654476986716959e-07
1.464999999999999858e+00 5.218216659353437038e-07
1.475000000000000089e+00 6.182214094710592837e-07
1.484999999999999876e+00 6.429505921405930170e-07
1.495000000000000107e+00 5.629076465687424298e-07
1.504999999999999893e+00 6.332039825667492926e-07
1.515000000000000124e+00 5.196242861644601023e-07
1.524999999999999911e+00 5.931686929155752011e-07
1.535000000000000142e+00 7.749936217734507049e-07
1.544999999999999929e+00 7.118336553784190756e-07
1.555000000000000160e+00 9.554288424350306237e-07
1.564999999999999947e+00 7.788177315566312050e-07
1.575000000000000178e+00 6.814088007365326285e-07
1.584999999999999964e+00 1.128141267438883272e-06
