5.000000000000000104e-03 3.194263778788678052e-05
1.499999999999999944e-02 3.631399207335384916e-05
2.500000000000000139e-02 4.223084013657985302e-05
3.500000000000000333e-02 4.881455318170570089e-05
4.499999999999999833e-02 5.428986964236821693e-05
5.500000000000000028e-02 6.169146444295570901e-05
6.500000000000000222e-02 6.568859344541922850e-05
7.500000000000001110e-02 7.138498106790735283e-05
8.499999999999999223e-02 7.883272904086042988e-05
9.500000000000000111e-02 8.460936377795724998e-05
1.050000000000000100e-01 9.651863551675094550e-05
1.149999999999999911e-01 1.214848413455085253e-04
1.250000000000000000e-01 1.448986154719863041e-04
1.350000000000000089e-01 1.578568064268806776e-04
1.450000000000000178e-01 1.647119614795524442e-04
1.549999999999999989e-01 1.738268174066658176e-04
1.650000000000000078e-01 1.860029465161905111e-04
1.749999999999999889e-01 1.916096796670249463e-04
1.849999999999999978e-01 1.917912809259932094e-04
1.950000000000000067e-01 1.932414795389361499e-04
2.050000000000000155e-01 1.921114695088219212e-04
2.149999999999999967e-01 1.842885808107069649e-04
2.250000000000000056e-01 1.823041291383303137e-04
2.349999999999999867e-01 1.778128943829941091e-04
2.449999999999999956e-01 1.693883700946327271e-04
2.550000000000000044e-01 1.614491290681626030e-04
2.650000000000000133e-01 1.620040467492421077e-04
2.750000000000000222e-01 1.657951101042924851e-04
2.850000000000000311e-01 1.628040559191858486e-04
2.949999999999999845e-01 1.600829180058772102e-04
3.049999999999999933e-01 1.558390167409569923e-04
3.150000000000000022e-01 1.597717344699745435e-04
3.250000000000000111e-01 1.629033888018329823e-04
3.350000000000000200e-01 1.743211349684275341e-04
3.450000000000000289e-01 1.840479035684985411e-04
3.549999999999999822e-01 1.977174388956147346e-04
3.649999999999999911e-01 2.197974995195250915e-04
3.750000000000000000e-01 2.436049455447859358e-04
3.850000000000000089e-01 2.790118129427113193e-04
3.950000000000000178e-01 3.097928906424502306e-04
4.050000000000000266e-01 3.308830107920566707e-04
4.150000000000000355e-01 3.523350601401241161e-04
4.249999999999999889e-01 3.599147333061301435e-04
4.349999999999999978e-01 3.557381452430432071e-04
4.450000000000000067e-01 3.503529674250550592e-04
4.550000000000000155e-01 3.566535896370296474e-04
4.650000000000000244e-01 3.703745709293840933e-04
4.749999999999999778e-01 3.896002855836456363e-04
4.849999999999999867e-01 4.166935209221080648e-04
4.949999999999999956e-01 4.430221550326835238e-04
5.050000000000000044e-01 4.663719206259469337e-04
5.150000000000000133e-01 4.954775485884782733e-04
5.250000000000000222e-01 5.379078834834692289e-04
5.350000000000000311e-01 5.741869916855895165e-04
5.450000000000000400e-01 6.066489770879216360e-04
5.550000000000000488e-01 6.459463924619020594e-04
5.650000000000000577e-01 6.789899746652380179e-04
5.749999999999999556e-01 7.356712894743533664e-04
5.849999999999999645e-01 7.944760013581088440e-04
5.949999999999999734e-01 8.581060769745752327e-04
6.049999999999999822e-01 9.068379390408356144e-04
6.149999999999999911e-01 9.885247677910099801e-04
6.250000000000000000e-01 1.102851292143668159e-03
6.350000000000000089e-01 1.202848797694970476e-03
6.450000000000000178e-01 1.312098097347851175e-03
6.550000000000000266e-01 1.463514337751792641e-03
6.650000000000000355e-01 1.635621340445316766e-03
6.750000000000000444e-01 1.854003369811273302e-03
6.850000000000000533e-01 2.155360517977250763e-03
6.950000000000000622e-01 2.528757844743827372e-03
7.050000000000000711e-01 2.970837583262794877e-03
7.149999999999999689e-01 3.475625574647256844e-03
7.249999999999999778e-01 4.050242138056734352e-03
7.349999999999999867e-01 4.750879486361459306e-03
7.449999999999999956e-01 5.664623458908785679e-03
7.550000000000000044e-01 6.894919536679840547e-03
7.650000000000000133e-01 8.512981449254809763e-03
7.750000000000000222e-01 1.067419683105841691e-02
7.850000000000000311e-01 1.339437799724043504e-02
7.950000000000000400e-01 1.689449356607285874e-02
8.050000000000000488e-01 2.139725259010489752e-02
8.150000000000000577e-01 2.689379021463193450e-02
8.250000000000000666e-01 3.304231564862216558e-02
8.349999999999999645e-01 3.960640773884980398e-02
8.449999999999999734e-01 4.630961848495081939e-02
8.549999999999999822e-01 5.246516663543012576e-02
8.649999999999999911e-01 5.717109140860975741e-02
8.750000000000000000e-01 6.022692050637699912e-02
8.850000000000000089e-01 6.133817239465342436e-02
8.950000000000000178e-01 6.024560786162497239e-02
9.050000000000000266e-01 5.755862346455943579e-02
9.150000000000000355e-01 5.353070321735105275e-02
9.250000000000000444e-01 4.860986029283505261e-02
9.350000000000000533e-01 4.318366061910177550e-02
9.450000000000000622e-01 3.775526639627398151e-02
9.550000000000000711e-01 3.255356617847305484e-02
9.649999999999999689e-01 2.770887107346524728e-02
9.749999999999999778e-01 2.326187639168053947e-02
9.849999999999999867e-01 1.932205904652483167e-02
9.949999999999999956e-01 1.580539355771136412e-02
1.004999999999999893e+00 1.283667060119627473e-02
1.015000000000000124e+00 1.046670537312431766e-02
1.024999999999999911e+00 8.474140074078033436e-03
1.035000000000000142e+00 6.847122232711180811e-03
1.044999999999999929e+00 5.456602791091526988e-03
1.055000000000000160e+00 4.368283174474218641e-03
1.064999999999999947e+00 3.531978351599956469e-03
1.075000000000000178e+00 2.879643810823287724e-03
1.084999999999999964e+00 2.389451981010071255e-03
1.095000000000000195e+00 2.000087818387829078e-03
1.104999999999999982e+00 1.699023439947237304e-03
1.115000000000000213e+00 1.469937512368125294e-03
1.125000000000000000e+00 1.271996527603320905e-03
1.135000000000000231e+00 1.111680161147419500e-03
1.145000000000000018e+00 9.733252679244588056e-04
1.155000000000000027e+00 8.412113453133327444e-04
1.165000000000000036e+00 7.011567357023450534e-04
1.174999999999999822e+00 5.783726083033975196e-04
1.185000000000000053e+00 4.856264157132609226e-04
1.194999999999999840e+00 4.187595311049668563e-04
1.205000000000000071e+00 3.634374984092433847e-04
1.214999999999999858e+00 3.273487916787272780e-04
1.225000000000000089e+00 2.948552046199101086e-04
1.234999999999999876e+00 2.635915935421582167e-04
1.245000000000000107e+00 2.401413850788041066e-04
1.254999999999999893e+00 2.201805281730241388e-04
1.265000000000000124e+00 2.042032605150256993e-04
1.274999999999999911e+00 1.920283552006628129e-04
1.285000000000000142e+00 1.820570641991074647e-04
1.294999999999999929e+00 1.731665328684254526e-04
1.305000000000000160e+00 1.707167475272022307e-04
1.314999999999999947e+00 1.679921548022819959e-04
1.325000000000000178e+00 1.569092377905008840e-04
1.334999999999999964e+00 1.475906718450772535e-04
1.345000000000000195e+00 1.290028430516610835e-04
1.354999999999999982e+00 1.174366029507792217e-04
1.365000000000000213e+00 1.045263080289077955e-04
1.375000000000000000e+00 9.500793805280037421e-05
1.385000000000000231e+00 8.467733002612241335e-05
1.395000000000000018e+00 7.558700298346541005e-05
1.405000000000000027e+00 7.497673408324171188e-05
1.415000000000000036e+00 7.175768016353635743e-05
1.424999999999999822e+00 7.021908000392377365e-05
1.435000000000000053e+00 6.912051753613755061e-05
1.444999999999999840e+00 6.602691829537464486e-05
1.455000000000000071e+00 6.140014632774565772e-05
1.464999999999999858e+00 5.743050438205788636e-05
1.475000000000000089e+00 5.251845181811494565e-05
1.484999999999999876e+00 5.025746455717215987e-05
1.495000000000000107e+00 4.742591673104538491e-05
1.504999999999999893e+00 4.580471833361178806e-05
1.515000000000000124e+00 4.200718435516892041e-05
1.524999999999999911e+00 3.940588607592653242e-05
1.535000000000000142e+00 3.793793993217148963e-05
1.544999999999999929e+00 3.558972285102088946e-05
1.555000000000000160e+00 3.358183471324410399e-05
1.564999999999999947e+00 3.098252194836700988e-05
1.575000000000000178e+00 3.030157811253167234e-05
1.584999999999999964e+00 2.926109250223160612e-05
