5.000000000000000104e-03 3.912808490501933057e-05
1.499999999999999944e-02 4.740705398365748489e-05
2.500000000000000139e-02 5.145324671459203074e-05
3.500000000000000333e-02 6.047587701143015249e-05
4.499999999999999833e-02 7.160978890169773694e-05
5.500000000000000028e-02 8.021764022961771503e-05
6.500000000000000222e-02 9.031682828371625279e-05
7.500000000000001110e-02 1.029365282639176137e-04
8.499999999999999223e-02 1.154525879215081134e-04
9.500000000000000111e-02 1.264325799578328144e-04
1.050000000000000100e-01 1.429122646354421167e-04
1.149999999999999911e-01 1.579937211375572652e-04
1.250000000000000000e-01 1.760484212000880107e-04
1.350000000000000089e-01 1.887685029301331601e-04
1.450000000000000178e-01 2.093973124475769268e-04
1.549999999999999989e-01 2.312671704526906788e-04
1.650000000000000078e-01 2.534891672816039590e-04
1.749999999999999889e-01 2.740604750994401107e-04
1.849999999999999978e-01 2.987063400717536715e-04
1.950000000000000067e-01 3.173606964944494465e-04
2.050000000000000155e-01 3.229803140729709736e-04
2.149999999999999967e-01 3.349921821859144062e-04
2.250000000000000056e-01 3.502638567528025093e-04
2.349999999999999867e-01 3.645532201430105824e-04
2.449999999999999956e-01 3.825152506387888502e-04
2.550000000000000044e-01 3.905276910699445386e-04
2.650000000000000133e-01 3.879007033446908075e-04
2.750000000000000222e-01 3.824636628368174298e-04
2.850000000000000311e-01 3.747500881577080505e-04
2.949999999999999845e-01 3.658924754791297962e-04
3.049999999999999933e-01 3.552620334218899991e-04
3.150000000000000022e-01 3.506690941764823810e-04
3.250000000000000111e-01 3.384302633610882785e-04
3.350000000000000200e-01 3.453508174766550180e-04
3.450000000000000289e-01 3.599678798984965573e-04
3.549999999999999822e-01 3.766305245915572367e-04
3.649999999999999911e-01 3.953508234765548907e-04
3.750000000000000000e-01 4.118724856238583764e-04
3.850000000000000089e-01 4.207169288025015591e-04
3.950000000000000178e-01 4.221653783056989492e-04
4.050000000000000266e-01 4.137546796933209503e-04
4.150000000000000355e-01 4.019529432759551377e-04
4.249999999999999889e-01 4.078607539489978125e-04
4.349999999999999978e-01 4.258812581678377181e-04
4.450000000000000067e-01 4.470589140479944807e-04
4.550000000000000155e-01 4.757471381928279463e-04
4.650000000000000244e-01 5.262607509417825723e-04
4.749999999999999778e-01 5.734295007935217518e-04
4.849999999999999867e-01 6.047178683621666278e-04
4.949999999999999956e-01 6.391458176293713603e-04
5.050000000000000044e-01 6.572537505772129080e-04
5.150000000000000133e-01 6.713606837133539139e-04
5.250000000000000222e-01 6.915135255990378623e-04
5.350000000000000311e-01 7.185510624128797676e-04
5.450000000000000400e-01 7.478967133482748286e-04
5.550000000000000488e-01 7.881831102428337680e-04
5.650000000000000577e-01 8.246687036615903393e-04
5.749999999999999556e-01 8.705213496500268907e-04
5.849999999999999645e-01 9.107900369244973943e-04
5.949999999999999734e-01 9.594966932834608081e-04
6.049999999999999822e-01 1.018583729497448548e-03
6.149999999999999911e-01 1.082509694104727633e-03
6.250000000000000000e-01 1.145352845984668909e-03
6.350000000000000089e-01 1.228708378908905784e-03
6.450000000000000178e-01 1.334858979273292846e-03
6.550000000000000266e-01 1.439515738012479406e-03
6.650000000000000355e-01 1.534536470048783940e-03
6.750000000000000444e-01 1.623869267165782993e-03
6.850000000000000533e-01 1.733711733259169722e-03
6.950000000000000622e-01 1.842757170996596645e-03
7.050000000000000711e-01 2.005761336234662077e-03
7.149999999999999689e-01 2.195798437292722973e-03
7.249999999999999778e-01 2.424497150756516929e-03
7.349999999999999867e-01 2.713734195152064411e-03
7.449999999999999956e-01 3.056213554807939072e-03
7.550000000000000044e-01 3.440318261521867031e-03
7.650000000000000133e-01 3.859795802706726241e-03
7.750000000000000222e-01 4.383834873231090383e-03
7.850000000000000311e-01 4.975385872518416595e-03
7.950000000000000400e-01 5.592160605054199117e-03
8.050000000000000488e-01 6.358278462487783507e-03
8.150000000000000577e-01 7.271993950849008070e-03
8.250000000000000666e-01 8.301213805027086653e-03
8.349999999999999645e-01 9.468323035823787356e-03
8.449999999999999734e-01 1.078022934375089982e-02
8.549999999999999822e-01 1.232350034358137281e-02
8.649999999999999911e-01 1.418630367566962522e-02
8.750000000000000000e-01 1.669159382898344549e-02
8.850000000000000089e-01 1.989096100723046837e-02
8.950000000000000178e-01 2.355913950893650383e-02
9.050000000000000266e-01 2.761981046695075395e-02
9.150000000000000355e-01 3.175701171072452950e-02
9.250000000000000444e-01 3.568908329198181711e-02
9.350000000000000533e-01 3.911438775845935828e-02
9.450000000000000622e-01 4.194134769350224556e-02
9.550000000000000711e-01 4.383807077711816130e-02
9.649999999999999689e-01 4.468846378768839833e-02
9.749999999999999778e-01 4.477177420342207115e-02
9.849999999999999867e-01 4.420598618664699914e-02
9.949999999999999956e-01 4.310453092319439100e-02
1.004999999999999893e+00 4.150383313920084916e-02
1.015000000000000124e+00 3.951288247219976457e-02
1.024999999999999911e+00 3.735295577234247488e-02
1.035000000000000142e+00 3.504128317569157186e-02
1.044999999999999929e+00 3.254467657617005766e-02
1.055000000000000160e+00 2.972576183739773087e-02
1.064999999999999947e+00 2.680911517072415498e-02
1.075000000000000178e+00 2.372800722615807378e-02
1.084999999999999964e+00 2.068703784897591227e-02
1.095000000000000195e+00 1.763825729083121768e-02
1.104999999999999982e+00 1.471714896886542820e-02
1.115000000000000213e+00 1.218913791441762068e-02
1.125000000000000000e+00 1.012057724274626966e-02
1.135000000000000231e+00 8.380398679646013788e-03
1.145000000000000018e+00 6.969982478167937971e-03
1.155000000000000027e+00 5.828924213046847609e-03
1.165000000000000036e+00 4.886860434316337917e-03
1.174999999999999822e+00 4.128078157640810431e-03
1.185000000000000053e+00 3.480751439394579993e-03
1.194999999999999840e+00 2.997941666378027472e-03
1.205000000000000071e+00 2.574151635483045743e-03
1.214999999999999858e+00 2.216074810439880305e-03
1.225000000000000089e+00 1.906783271162672180e-03
1.234999999999999876e+00 1.623098427058715333e-03
1.245000000000000107e+00 1.393810019401288619e-03
1.254999999999999893e+00 1.218180464927920079e-03
1.265000000000000124e+00 1.074677667019853858e-03
1.274999999999999911e+00 9.742775019560782207e-04
1.285000000000000142e+00 8.943789521068407772e-04
1.294999999999999929e+00 8.272096696436348961e-04
1.305000000000000160e+00 7.605414087043992034e-04
1.314999999999999947e+00 7.103072371407300953e-04
1.325000000000000178e+00 6.687700444276728669e-04
1.334999999999999964e+00 6.373205138608962475e-04
1.345000000000000195e+00 6.012659625134158907e-04
1.354999999999999982e+00 5.569392883248493490e-04
1.365000000000000213e+00 5.200975154114678093e-04
1.375000000000000000e+00 4.846161138915591033e-04
1.385000000000000231e+00 4.536400874186516364e-04
1.395000000000000018e+00 4.257486378060554104e-04
1.405000000000000027e+00 4.031564282317079070e-04
1.415000000000000036e+00 3.760544161274519560e-04
1.424999999999999822e+00 3.444782440426989766e-04
1.435000000000000053e+00 3.139912975843161939e-04
1.444999999999999840e+00 2.827387155105248414e-04
1.455000000000000071e+00 2.518183170523779026e-04
1.464999999999999858e+00 2.293163827920409827e-04
1.475000000000000089e+00 2.080685160037553771e-04
1.484999999999999876e+00 1.924196838550773449e-04
1.495000000000000107e+00 1.775623335394678601e-04
1.504999999999999893e+00 1.635688613744424799e-04
1.515000000000000124e+00 1.477139078056574693e-04
1.524999999999999911e+00 1.351108198796551331e-04
1.535000000000000142e+00 1.253967935344047207e-04
1.544999999999999929e+00 1.142512489117904992e-04
1.555000000000000160e+00 1.023449091626787028e-04
1.564999999999999947e+00 9.316606116732047160e-05
1.575000000000000178e+00 8.194483697781615602e-05
1.584999999999999964e+00 7.275421867160878980e-05
