5.000000000000000104e-03 4.237279309650802983e-05
1.499999999999999944e-02 4.308715734837025718e-05
2.500000000000000139e-02 4.264792768586343736e-05
3.500000000000000333e-02 4.244471728449493149e-05
4.499999999999999833e-02 4.363685787077660683e-05
5.500000000000000028e-02 4.545556065517672147e-05
6.500000000000000222e-02 4.580989942567150218e-05
7.500000000000001110e-02 5.049421917027937265e-05
8.499999999999999223e-02 5.457698145138721601e-05
9.500000000000000111e-02 5.977226419845663993e-05
1.050000000000000100e-01 6.611029661632503705e-05
1.149999999999999911e-01 7.149012281778875731e-05
1.250000000000000000e-01 8.259320675050247425e-05
1.350000000000000089e-01 9.460309665240153841e-05
1.450000000000000178e-01 1.116459037976282016e-04
1.549999999999999989e-01 1.349263594648118954e-04
1.650000000000000078e-01 1.570323704373580717e-04
1.749999999999999889e-01 1.889753046675748862e-04
1.849999999999999978e-01 2.233859027072109189e-04
1.950000000000000067e-01 2.716611222463238221e-04
2.050000000000000155e-01 3.336715051582941666e-04
2.149999999999999967e-01 3.955128590256967573e-04
2.250000000000000056e-01 4.776031266564213546e-04
2.349999999999999867e-01 5.591504469026232094e-04
2.449999999999999956e-01 6.609615851675685379e-04
2.550000000000000044e-01 7.703316187590462461e-04
2.650000000000000133e-01 8.813097983342529137e-04
2.750000000000000222e-01 1.003759162392927349e-03
2.850000000000000311e-01 1.133798433320654412e-03
2.949999999999999845e-01 1.257347903354171220e-03
3.049999999999999933e-01 1.375201803584991242e-03
3.150000000000000022e-01 1.499223842688243886e-03
3.250000000000000111e-01 1.634640988687530638e-03
3.350000000000000200e-01 1.763068243997832369e-03
3.450000000000000289e-01 1.881900238323764088e-03
3.549999999999999822e-01 1.972649269098721101e-03
3.649999999999999911e-01 2.062565726269896798e-03
3.750000000000000000e-01 2.151475915528722194e-03
3.850000000000000089e-01 2.226936631037216511e-03
3.950000000000000178e-01 2.302918642456042945e-03
4.050000000000000266e-01 2.361076361725419730e-03
4.150000000000000355e-01 2.426301243446252372e-03
4.249999999999999889e-01 2.488440549716921038e-03
4.349999999999999978e-01 2.560005157230119729e-03
4.450000000000000067e-01 2.657527973731833252e-03
4.550000000000000155e-01 2.779948707691258427e-03
4.650000000000000244e-01 2.949430792399063746e-03
4.749999999999999778e-01 3.194350866445914462e-03
4.849999999999999867e-01 3.580686424036229332e-03
4.949999999999999956e-01 4.201899483006479689e-03
5.050000000000000044e-01 5.186333860042957426e-03
5.150000000000000133e-01 6.868281964295346216e-03
5.250000000000000222e-01 9.893585707446299338e-03
5.350000000000000311e-01 1.504306411014669741e-02
5.450000000000000400e-01 2.315999051686824448e-02
5.550000000000000488e-01 3.393137907753941696e-02
5.650000000000000577e-01 4.178498739903832582e-02
5.749999999999999556e-01 4.741282706790698326e-02
5.849999999999999645e-01 5.132910554501447786e-02
5.949999999999999734e-01 5.442863039250223078e-02
6.049999999999999822e-01 5.698797758982106915e-02
6.149999999999999911e-01 5.891051576155694608e-02
6.250000000000000000e-01 5.997480186213125647e-02
6.350000000000000089e-01 6.010844610035077917e-02
6.450000000000000178e-01 5.935570071495885336e-02
6.550000000000000266e-01 5.757011453895625325e-02
6.650000000000000355e-01 5.443462732591231035e-02
6.750000000000000444e-01 4.969737732040171996e-02
6.850000000000000533e-01 4.346745873946041006e-02
6.950000000000000622e-01 3.638334072687118836e-02
7.050000000000000711e-01 2.886652096132619541e-02
7.149999999999999689e-01 2.226905239958937993e-02
7.249999999999999778e-01 1.659026308358930307e-02
7.349999999999999867e-01 1.197068211326043560e-02
7.449999999999999956e-01 8.495105557983195430e-03
7.550000000000000044e-01 5.902071322191733416e-03
7.650000000000000133e-01 4.093667439144444385e-03
7.750000000000000222e-01 2.869595048733315518e-03
7.850000000000000311e-01 2.143770190939468800e-03
7.950000000000000400e-01 1.678638940228114641e-03
8.050000000000000488e-01 1.356648015449141978e-03
8.150000000000000577e-01 1.121925400630026078e-03
8.250000000000000666e-01 9.530324769708291852e-04
8.349999999999999645e-01 8.243235229858281079e-04
8.449999999999999734e-01 7.103894176762905448e-04
8.549999999999999822e-01 6.166928658894887559e-04
8.649999999999999911e-01 5.449502688024238876e-04
8.750000000000000000e-01 4.953368534764332736e-04
8.850000000000000089e-01 4.479201666679663552e-04
8.950000000000000178e-01 4.045422600523556028e-04
9.050000000000000266e-01 3.515164591571323595e-04
9.150000000000000355e-01 3.089825994803689006e-04
9.250000000000000444e-01 2.648866243110746641e-04
9.350000000000000533e-01 2.312598974082927402e-04
9.450000000000000622e-01 2.040321901702085066e-04
9.550000000000000711e-01 1.820648441167797675e-04
9.649999999999999689e-01 1.627808260784611527e-04
9.749999999999999778e-01 1.487279372959592451e-04
9.849999999999999867e-01 1.384923634849813596e-04
9.949999999999999956e-01 1.262615454400811926e-04
1.004999999999999893e+00 1.188587463052280042e-04
1.015000000000000124e+00 1.111499037754735297e-04
1.024999999999999911e+00 1.053596049920063268e-04
1.035000000000000142e+00 9.994060399881745478e-05
1.044999999999999929e+00 9.723281252103589320e-05
1.055000000000000160e+00 9.077759613516053793e-05
1.064999999999999947e+00 8.492551314627089503e-05
1.075000000000000178e+00 8.304087215602160184e-05
1.084999999999999964e+00 8.085826045499289075e-05
1.095000000000000195e+00 7.760633781790124517e-05
1.104999999999999982e+00 7.509823979940479833e-05
1.115000000000000213e+00 7.184289341756811063e-05
1.125000000000000000e+00 6.818100501261318484e-05
1.135000000000000231e+00 6.182531945451040978e-05
1.145000000000000018e+00 5.612272771139225328e-05
1.155000000000000027e+00 5.202291399775839630e-05
1.165000000000000036e+00 4.859192626754128141e-05
1.174999999999999822e+00 4.536932380183171407e-05
1.185000000000000053e+00 4.238305114874459979e-05
1.194999999999999840e+00 3.938464662488249182e-05
1.205000000000000071e+00 3.573570715189337339e-05
1.214999999999999858e+00 3.412406996644161043e-05
1.225000000000000089e+00 3.248359170056695484e-05
1.234999999999999876e+00 3.089194870318616595e-05
1.245000000000000107e+00 2.831742302918492733e-05
1.254999999999999893e+00 2.379226964517578468e-05
1.265000000000000124e+00 2.038337161874473647e-05
1.274999999999999911e+00 1.777827513264758940e-05
1.285000000000000142e+00 1.508529406187915642e-05
1.294999999999999929e+00 1.362553142913373190e-05
1.305000000000000160e+00 1.304082105088366083e-05
1.314999999999999947e+00 1.313906164711689607e-05
1.325000000000000178e+00 1.242063391557984194e-05
1.334999999999999964e+00 1.278506626749748651e-05
1.345000000000000195e+00 1.341829631965480032e-05
1.354999999999999982e+00 1.311047783146688015e-05
1.365000000000000213e+00 1.404583297970859107e-05
1.375000000000000000e+00 1.359096944155980787e-05
1.385000000000000231e+00 1.414407751819068724e-05
1.395000000000000018e+00 1.512420986144388090e-05
1.405000000000000027e+00 1.710746406334750022e-05
1.415000000000000036e+00 1.956644587448401045e-05
1.424999999999999822e+00 1.924824348597255040e-05
1.435000000000000053e+00 1.907324987831866784e-05
1.444999999999999840e+00 1.892058333430985360e-05
1.455000000000000071e+00 1.758202973631280995e-05
1.464999999999999858e+00 1.645930390645463783e-05
1.475000000000000089e+00 1.702284164372693497e-05
1.484999999999999876e+00 1.764495971155084639e-05
1.495000000000000107e+00 1.941659220241747039e-05
1.504999999999999893e+00 1.918498099051617339e-05
1.515000000000000124e+00 1.832641222711593762e-05
1.524999999999999911e+00 1.488535769261695262e-05
1.535000000000000142e+00 1.243358595376508508e-05
1.544999999999999929e+00 9.786079818070292352e-06
1.555000000000000160e+00 8.051530568904340487e-06
1.564999999999999947e+00 6.241538583397655041e-06
1.575000000000000178e+00 5.587731280817548424e-06
1.584999999999999964e+00 6.754562966176476145e-06
