5.000000000000000104e-03 3.409117487068438263e-05
1.499999999999999944e-02 3.851259126560810901e-05
2.500000000000000139e-02 4.236344902014161241e-05
3.500000000000000333e-02 4.993241105019561286e-05
4.499999999999999833e-02 5.655600722498114389e-05
5.500000000000000028e-02 6.189558947127755191e-05
6.500000000000000222e-02 6.410028991589489299e-05
7.500000000000001110e-02 7.178097177296078680e-05
8.499999999999999223e-02 7.938305552459957548e-05
9.500000000000000111e-02 8.898597977785570616e-05
1.050000000000000100e-01 1.116924465662028131e-04
1.149999999999999911e-01 1.403854335366372321e-04
1.250000000000000000e-01 1.940621772779126456e-04
1.350000000000000089e-01 2.675890719902263774e-04
1.450000000000000178e-01 3.792315080900613995e-04
1.549999999999999989e-01 5.471591958968581668e-04
1.650000000000000078e-01 7.709626506498941335e-04
1.749999999999999889e-01 1.055297620808993584e-03
1.849999999999999978e-01 1.400718285305250577e-03
1.950000000000000067e-01 1.809820781927496238e-03
2.050000000000000155e-01 2.247229598182621819e-03
2.149999999999999967e-01 2.685217111856112206e-03
2.250000000000000056e-01 3.140184459170457590e-03
2.349999999999999867e-01 3.636999450271051048e-03
2.449999999999999956e-01 4.136697685905832943e-03
2.550000000000000044e-01 4.627836503347704418e-03
2.650000000000000133e-01 5.169999623764595306e-03
2.750000000000000222e-01 5.728009715846916518e-03
2.850000000000000311e-01 6.417546675273831311e-03
2.949999999999999845e-01 7.220217695151218834e-03
3.049999999999999933e-01 8.103898608825122266e-03
3.150000000000000022e-01 9.005729407102798165e-03
3.250000000000000111e-01 1.008712243178416790e-02
3.350000000000000200e-01 1.138505948179108739e-02
3.450000000000000289e-01 1.288964284682823057e-02
3.549999999999999822e-01 1.453143528096582579e-02
3.649999999999999911e-01 1.634385583466578876e-02
3.750000000000000000e-01 1.816607973067561541e-02
3.850000000000000089e-01 2.044043528577020596e-02
3.950000000000000178e-01 2.363345658132945046e-02
4.050000000000000266e-01 2.880350370656130365e-02
4.150000000000000355e-01 3.501860605436150908e-02
4.249999999999999889e-01 4.248784132233006383e-02
4.349999999999999978e-01 4.919754180568559204e-02
4.450000000000000067e-01 5.345843066115272407e-02
4.550000000000000155e-01 5.582565663654777410e-02
4.650000000000000244e-01 5.719922193562831936e-02
4.749999999999999778e-01 5.798745064232393304e-02
4.849999999999999867e-01 5.814172778520423218e-02
4.949999999999999956e-01 5.743964497317224915e-02
5.050000000000000044e-01 5.570737790694956643e-02
5.150000000000000133e-01 5.261425774462331895e-02
5.250000000000000222e-01 4.800846072513049317e-02
5.350000000000000311e-01 4.140078609857841124e-02
5.450000000000000400e-01 3.265133254350577330e-02
5.550000000000000488e-01 2.195416679394460516e-02
5.650000000000000577e-01 1.435014715003112007e-02
5.749999999999999556e-01 9.584085946599195729e-03
5.849999999999999645e-01 6.774350480337443595e-03
5.949999999999999734e-01 4.987448959694319901e-03
6.049999999999999822e-01 3.705932755746270141e-03
6.149999999999999911e-01 2.798996574049861241e-03
6.250000000000000000e-01 2.159782617023021066e-03
6.350000000000000089e-01 1.699084600650245481e-03
6.450000000000000178e-01 1.343287725107900456e-03
6.550000000000000266e-01 1.063851219219404554e-03
6.650000000000000355e-01 8.602614691367383229e-04
6.750000000000000444e-01 7.226073077598576394e-04
6.850000000000000533e-01 6.118881694546819423e-04
6.950000000000000622e-01 5.120373170568780566e-04
7.050000000000000711e-01 4.375473464354920458e-04
7.149999999999999689e-01 3.721207569160700046e-04
7.249999999999999778e-01 3.127410204239185307e-04
7.349999999999999867e-01 2.693589461289667628e-04
7.449999999999999956e-01 2.246224296286501525e-04
7.550000000000000044e-01 1.907682130014780146e-04
7.650000000000000133e-01 1.645283910958746738e-04
7.750000000000000222e-01 1.453352524304403373e-04
7.850000000000000311e-01 1.315300800991009997e-04
7.950000000000000400e-01 1.196176107668983234e-04
8.050000000000000488e-01 1.013069083556383966e-04
8.150000000000000577e-01 8.490208153334132511e-05
8.250000000000000666e-01 7.356436684384001616e-05
8.349999999999999645e-01 6.386449885178011228e-05
8.449999999999999734e-01 5.784691357458175617e-05
8.549999999999999822e-01 5.344830585580560806e-05
8.649999999999999911e-01 4.696726356377844714e-05
8.750000000000000000e-01 4.157604702328557771e-05
8.850000000000000089e-01 3.793488396571774196e-05
8.950000000000000178e-01 3.576450782053921222e-05
9.050000000000000266e-01 3.342417674681136378e-05
9.150000000000000355e-01 3.190332331583035566e-05
9.250000000000000444e-01 3.105948277955173693e-05
9.350000000000000533e-01 3.036103695380398254e-05
9.450000000000000622e-01 3.086547876541650927e-05
9.550000000000000711e-01 2.986556260821162851e-05
9.649999999999999689e-01 3.150326883626886564e-05
9.749999999999999778e-01 3.280020210335782348e-05
9.849999999999999867e-01 3.438608049952821211e-05
9.949999999999999956e-01 3.416656520471362309e-05
1.004999999999999893e+00 3.234844915595847523e-05
1.015000000000000124e+00 2.971905876844452895e-05
1.024999999999999911e+00 2.781920646944321596e-05
1.035000000000000142e+00 2.619940730087737287e-05
1.044999999999999929e+00 2.368013251090752725e-05
1.055000000000000160e+00 2.398996391425630204e-05
1.064999999999999947e+00 2.437984841412602028e-05
1.075000000000000178e+00 2.664982270043728750e-05
1.084999999999999964e+00 2.981106400992120350e-05
1.095000000000000195e+00 3.487000831362972226e-05
1.104999999999999982e+00 3.883988653576065395e-05
1.115000000000000213e+00 4.246890983505821263e-05
1.125000000000000000e+00 4.506452290165994054e-05
1.135000000000000231e+00 4.489057022614562477e-05
1.145000000000000018e+00 3.999218009976102486e-05
1.155000000000000027e+00 3.282768388529830875e-05
1.165000000000000036e+00 2.379330084957755081e-05
1.174999999999999822e+00 1.898375115151474846e-05
1.185000000000000053e+00 1.601341101884296784e-05
1.194999999999999840e+00 1.339259528335241509e-05
1.205000000000000071e+00 1.219732080472729442e-05
1.214999999999999858e+00 1.099939754012229722e-05
1.225000000000000089e+00 1.070581551925404395e-05
1.234999999999999876e+00 9.969159355885945042e-06
1.245000000000000107e+00 8.263120930375427909e-06
1.254999999999999893e+00 7.605807721601267650e-06
1.265000000000000124e+00 6.702665212142810410e-06
1.274999999999999911e+00 6.018585036820361357e-06
1.285000000000000142e+00 6.122382115988909752e-06
1.294999999999999929e+00 5.366618465526390279e-06
1.305000000000000160e+00 5.616353083172051326e-06
1.314999999999999947e+00 5.548841978985046534e-06
1.325000000000000178e+00 5.461618999597380502e-06
1.334999999999999964e+00 5.394490996980727495e-06
1.345000000000000195e+00 5.439765269335478519e-06
1.354999999999999982e+00 5.198428228196750904e-06
1.365000000000000213e+00 5.591356449732617687e-06
1.375000000000000000e+00 5.135095223104315820e-06
1.385000000000000231e+00 4.700127725447703281e-06
1.395000000000000018e+00 3.823987408297247789e-06
1.405000000000000027e+00 4.077649791399127455e-06
1.415000000000000036e+00 3.514348155609529406e-06
1.424999999999999822e+00 3.261064445829308449e-06
1.435000000000000053e+00 3.408417466613657043e-06
1.444999999999999840e+00 3.180245763073905049e-06
1.455000000000000071e+00 2.927730741129587531e-06
1.464999999999999858e+00 2.727685079099059582e-06
1.475000000000000089e+00 2.690514963938435081e-06
1.484999999999999876e+00 2.262745418327570680e-06
1.495000000000000107e+00 2.426023042176529804e-06
1.504999999999999893e+00 2.253168503717312043e-06
1.515000000000000124e+00 2.198813200021299538e-06
1.524999999999999911e+00 2.073947259607408778e-06
1.535000000000000142e+00 2.488008380892849015e-06
1.544999999999999929e+00 1.751977125714036329e-06
1.555000000000000160e+00 2.812707360754896724e-06
1.564999999999999947e+00 1.508043852064195614e-06
1.575000000000000178e+00 2.240196078527982870e-06
1.584999999999999964e+00 3.976671813323988943e-06
