5.000000000000000104e-03 3.800930861773533202e-05
1.499999999999999944e-02 4.747894079566986525e-05
2.500000000000000139e-02 5.444642720187746352e-05
3.500000000000000333e-02 6.029479646421140570e-05
4.499999999999999833e-02 6.705584755596636964e-05
5.500000000000000028e-02 7.654107829133127445e-05
6.500000000000000222e-02 8.642146111344999970e-05
7.500000000000001110e-02 9.404846866963153737e-05
8.499999999999999223e-02 1.028796385909012571e-04
9.500000000000000111e-02 1.056623415483480408e-04
1.050000000000000100e-01 1.061426948636610236e-04
1.149999999999999911e-01 1.047543172534903312e-04
1.250000000000000000e-01 1.032920054535729364e-04
1.350000000000000089e-01 1.050468593185634604e-04
1.450000000000000178e-01 1.090136152724433129e-04
1.549999999999999989e-01 1.157334038143917809e-04
1.650000000000000078e-01 1.241729137687086785e-04
1.749999999999999889e-01 1.318693963028714404e-04
1.849999999999999978e-01 1.278973719817931586e-04
1.950000000000000067e-01 1.296763190206907067e-04
2.050000000000000155e-01 1.362045124532644330e-04
2.149999999999999967e-01 1.482105892689847824e-04
2.250000000000000056e-01 1.597883274319768861e-04
2.349999999999999867e-01 1.742987395672053051e-04
2.449999999999999956e-01 1.874709746990746450e-04
2.550000000000000044e-01 2.060194512985652710e-04
2.650000000000000133e-01 2.266107624776505711e-04
2.750000000000000222e-01 2.506970891311995206e-04
2.850000000000000311e-01 2.757563108988334184e-04
2.949999999999999845e-01 2.967352842806631483e-04
3.049999999999999933e-01 3.182184079088654798e-04
3.150000000000000022e-01 3.421911164815860315e-04
3.250000000000000111e-01 3.693525039652963441e-04
3.350000000000000200e-01 3.926435063405138166e-04
3.450000000000000289e-01 4.195352986623179271e-04
3.549999999999999822e-01 4.318272945733019194e-04
3.649999999999999911e-01 4.508171492403139041e-04
3.750000000000000000e-01 4.724213881222839818e-04
3.850000000000000089e-01 4.977949450298026473e-04
3.950000000000000178e-01 5.198489702438800850e-04
4.050000000000000266e-01 5.416268175086770944e-04
4.150000000000000355e-01 5.664888394592674809e-04
4.249999999999999889e-01 5.947626343486156096e-04
4.349999999999999978e-01 6.172522354651096416e-04
4.450000000000000067e-01 6.479246578250426195e-04
4.550000000000000155e-01 6.798272699766190041e-04
4.650000000000000244e-01 7.168522468352059480e-04
4.749999999999999778e-01 7.462023993821920945e-04
4.849999999999999867e-01 7.621934576072568685e-04
4.949999999999999956e-01 7.789511375406519937e-04
5.050000000000000044e-01 8.051283470073774835e-04
5.150000000000000133e-01 8.321401245417337899e-04
5.250000000000000222e-01 8.704519714528633064e-04
5.350000000000000311e-01 9.181000714026591033e-04
5.450000000000000400e-01 9.907250083396133139e-04
5.550000000000000488e-01 1.089516161468923093e-03
5.650000000000000577e-01 1.215851355485452270e-03
5.749999999999999556e-01 1.392059528407904199e-03
5.849999999999999645e-01 1.609443493922183216e-03
5.949999999999999734e-01 1.909059012504781558e-03
6.049999999999999822e-01 2.329450759564449368e-03
6.149999999999999911e-01 2.925298897845550732e-03
6.250000000000000000e-01 3.831409013650459265e-03
6.350000000000000089e-01 5.201027818571814058e-03
6.450000000000000178e-01 7.254003519334839209e-03
6.550000000000000266e-01 1.018401630193590049e-02
6.650000000000000355e-01 1.414858648894300706e-02
6.750000000000000444e-01 1.909230025835648506e-02
6.850000000000000533e-01 2.477739823942641181e-02
6.950000000000000622e-01 3.075517127139653500e-02
7.050000000000000711e-01 3.701557951125224177e-02
7.149999999999999689e-01 4.252053075854630992e-02
7.249999999999999778e-01 4.734048800793529826e-02
7.349999999999999867e-01 5.122596239602062590e-02
7.449999999999999956e-01 5.419892038845351701e-02
7.550000000000000044e-01 5.613970185533838364e-02
7.650000000000000133e-01 5.710300596383099947e-02
7.750000000000000222e-01 5.710098970218567549e-02
7.850000000000000311e-01 5.625065667259283170e-02
7.950000000000000400e-01 5.453558627599353059e-02
8.050000000000000488e-01 5.182013507023180282e-02
8.150000000000000577e-01 4.810967790001140915e-02
8.250000000000000666e-01 4.327154340607181071e-02
8.349999999999999645e-01 3.777673165857269033e-02
8.449999999999999734e-01 3.185143752327686956e-02
8.549999999999999822e-01 2.603477688178591071e-02
8.649999999999999911e-01 2.099552304409274192e-02
8.750000000000000000e-01 1.669841849630521874e-02
8.850000000000000089e-01 1.313011174007080485e-02
8.950000000000000178e-01 1.021637998535148729e-02
9.050000000000000266e-01 7.844807849154816423e-03
9.150000000000000355e-01 5.943087973126395113e-03
9.250000000000000444e-01 4.530099940077165523e-03
9.350000000000000533e-01 3.475622849625989615e-03
9.450000000000000622e-01 2.675084787994305539e-03
9.550000000000000711e-01 2.085038350810130506e-03
9.649999999999999689e-01 1.622537028847071501e-03
9.749999999999999778e-01 1.284045366282137585e-03
9.849999999999999867e-01 1.043424857912888994e-03
9.949999999999999956e-01 8.693157341591301436e-04
1.004999999999999893e+00 7.328647046085598211e-04
1.015000000000000124e+00 6.280068250382672690e-04
1.024999999999999911e+00 5.446873562947770727e-04
1.035000000000000142e+00 4.788595627022570675e-04
1.044999999999999929e+00 4.328598872735295072e-04
1.055000000000000160e+00 3.941277674867708350e-04
1.064999999999999947e+00 3.605204297926088621e-04
1.075000000000000178e+00 3.310701161879035770e-04
1.084999999999999964e+00 3.039760445436183239e-04
1.095000000000000195e+00 2.728123282809946084e-04
1.104999999999999982e+00 2.484014539745663087e-04
1.115000000000000213e+00 2.327056452550378934e-04
1.125000000000000000e+00 2.178961110696130360e-04
1.135000000000000231e+00 2.023893425699883029e-04
1.145000000000000018e+00 1.887192142133969734e-04
1.155000000000000027e+00 1.749752046101636215e-04
1.165000000000000036e+00 1.590255432075189266e-04
1.174999999999999822e+00 1.445853061909727760e-04
1.185000000000000053e+00 1.293603869644682758e-04
1.194999999999999840e+00 1.154462799658103873e-04
1.205000000000000071e+00 1.039372182426193748e-04
1.214999999999999858e+00 1.016540984381078300e-04
1.225000000000000089e+00 1.005835256048368036e-04
1.234999999999999876e+00 1.012510809281060373e-04
1.245000000000000107e+00 9.846216008937420494e-05
1.254999999999999893e+00 9.465272667238829290e-05
1.265000000000000124e+00 9.035901333752386830e-05
1.274999999999999911e+00 8.429240929311407511e-05
1.285000000000000142e+00 8.157587612734203922e-05
1.294999999999999929e+00 7.682199276421485868e-05
1.305000000000000160e+00 7.287348309912375247e-05
1.314999999999999947e+00 6.907205681096530712e-05
1.325000000000000178e+00 6.462352870712026064e-05
1.334999999999999964e+00 6.180476796144892919e-05
1.345000000000000195e+00 5.888502283153455131e-05
1.354999999999999982e+00 5.193050363210821851e-05
1.365000000000000213e+00 4.529917636422587079e-05
1.375000000000000000e+00 4.092457402796351884e-05
1.385000000000000231e+00 3.797601177906558060e-05
1.395000000000000018e+00 3.552767508989982184e-05
1.405000000000000027e+00 3.296304508179904823e-05
1.415000000000000036e+00 3.075363986077173675e-05
1.424999999999999822e+00 2.551835427720843571e-05
1.435000000000000053e+00 2.446190126562126837e-05
1.444999999999999840e+00 2.326023250208817362e-05
1.455000000000000071e+00 2.448423919531459494e-05
1.464999999999999858e+00 2.597937973851783847e-05
1.475000000000000089e+00 2.723526668743047306e-05
1.484999999999999876e+00 2.730359952957375140e-05
1.495000000000000107e+00 2.800868630255985711e-05
1.504999999999999893e+00 2.786969207979659205e-05
1.515000000000000124e+00 2.753051762173183600e-05
1.524999999999999911e+00 2.819649769910006123e-05
1.535000000000000142e+00 2.964875559553363220e-05
1.544999999999999929e+00 3.124036077209129780e-05
1.555000000000000160e+00 3.298166196218302727e-05
1.564999999999999947e+00 3.720259818298812213e-05
1.575000000000000178e+00 4.165020335059856289e-05
1.584999999999999964e+00 4.859381287047185492e-05
